509 501 312 1019 736 656 60 1039 726 2314 479 448 479 619 150 342 323 635 604 596 202 
126 474 1526 1226 1133 532 1449 1122 2789 958 941 978 1127 542 246 510 1047 1021 1010 364 
541 1516 1184 1084 536 1371 1045 2728 913 904 946 1115 499 321 577 976 952 941 401 
1157 980 919 271 1333 1029 2553 751 704 720 783 455 228 37 936 904 898 171 
478 583 996 858 855 1504 677 651 600 401 1033 1325 1134 818 808 820 1179 
115 740 470 379 1581 271 289 261 308 687 1077 970 342 336 348 932 
667 455 288 1661 177 216 207 343 592 997 913 236 226 237 856 
1066 759 2320 493 454 479 598 206 341 278 666 634 628 194 
328 1387 591 650 656 776 933 1367 1333 408 438 447 1239 
1697 333 400 427 622 610 1046 1033 96 128 133 922 
1838 1868 1841 1789 2248 2656 2540 1755 1777 1789 2512 
68 105 336 417 821 748 243 214 217 680 
52 287 406 789 698 311 281 283 645 
237 449 818 712 341 314 318 672 
636 932 764 550 528 535 785 
436 470 525 496 486 319 
265 959 930 921 148 
939 907 901 201 
33 39 833 
14 803 
794
